0.009
0.009
0.001
0.014
0.007
0.005
0.006
0.007
0.008
0.01
0.006
0.011
0.008
0.016
0.013
0.019
0.022
0.023
0.019
0.025
0.027
0.029
0.029
0.023
0.027
0.024
0.034
0.034
0.035
0.038
0.042
0.037
0.044
0.053
0.056
0.057
0.058
0.078
0.091
0.079
0.086
0.081
0.075
0.075
0.087
0.107
0.1
0.089
0.087
0.109
0.108
0.116
0.122
0.127
0.13
0.143
0.138
0.159
0.156
0.165
0.156
0.16
0.167
0.165
0.182
0.175
0.193
0.197
0.197
0.217
0.21
0.232
0.209
0.221
0.211
0.22
0.215
0.22
0.229
0.178
0.157
0.197
0.194
0.232
0.153
0.188
0.184
0.151
0.002
0.002
0.002
0.002
0.002
0.002
0.009
0.009
0.009
0.009
0.009
0.009
0.009
0.009
0.009
0.009
0.009
0.009
0.009
0.009
0.009
0.009
0.009
0.009
0.009
0.009
0.009
0.009
0.009
0.009
0.009
0.009
0.009
0.009
0.009
0.009
0.009
0.009
0.009
0.009
0.009
0.009
0.009
0.009
0.009
0.009
0.009
0.009
0.009
0.009
0.009
0.009
0.009
0.009
0.009
0.009
0.009
0.009
0.009
0.009
0.009
0.009
