11.5356
8.47431
8.44994
8.41724
8.30702
8.26008
8.23934
8.22449
8.18325
8.18284
8.15498
8.13749
8.10766
8.09389
8.04298
7.99347
7.94195
7.85104
7.80364
7.70869
7.59306
7.56117
7.44123
7.36312
7.30517
7.27425
7.29365
7.0722
6.94367
6.80713
6.78258
6.60176
6.45694
6.26742
6.0995
5.96022
5.96528
5.75455
5.47689
5.35272
5.41418
5.36815
5.05764
4.9207
5.00919
4.75512
4.60521
4.56724
4.30949
4.18763
4.108
4.01923
4.01543
3.9962
3.8644
3.78624
3.54768
3.49565
3.36051
3.17962
3.29686
3.19239
3.07915
3.04528
3.00876
2.9626
2.8588
2.55356
2.74154
2.46201
2.34627
2.41708
2.26717
2.16361
1.99166
1.9414
1.96391
1.88986
1.9532
1.91359
2.01204
2.08657
1.94426
1.94237
2.34503
2.47464
2.78756
2.51108
3.2126
6.86426
8.46769
8.46208
8.45708
8.4557
8.45415
8.45127
8.44835
8.44718
8.44453
8.44143
8.44581
8.4454
8.44534
8.44269
8.44183
8.44195
8.44037
8.43933
8.43814
8.43462
8.43241
8.43121
8.42945
8.42526
8.42651
8.42409
8.4259
8.42618
8.42955
8.42877
8.42612
8.42435
8.42459
8.42424
8.42523
8.42481
8.42812
8.42731
8.42897
8.42884
8.42815
8.43217
8.43224
8.4336
8.43775
8.44109
8.43992
8.44096
8.43962
8.43909
8.43945
8.44176
8.44073
8.44109
8.43925
8.43879
8.44257
8.44024
8.43968
8.43808
8.45228
